Calculations for data-4:
xmean: 49.9099935784
ymean: 18.5555249377
xsd: 28.5000009438
ysd: 16.5407963018
xmin: 4.33789245367
ymin: 0.0554975075812
xmax: 91.0528633397
ymax: 49.9341970363
corr: -0.0882359898306
